
state={
	id=543
	name="STATE_543"
	manpower = 3694611
	
	state_category = rural
	
	history={
		add_core_of = MAD
		owner = MAD
		victory_points = {
			5128 1
		}
		buildings = {
			infrastructure = 1
			air_base = 1
			5222 = {
				naval_base = 1
			}
		}

	}

	provinces={
		2200 5128 5185 5222 8180 8188 8246 10993 11015 12956 13327 13328 13329 13330 13331 13332 13333 13334 13335 13336 13337 13338 13339 13340 13341 13342 13343 13344 13345 13346 13347 13348 13349 13350 13351 13352 13353 13354 13355 13356 13357 13358 13359 13360 13361 13362 13363 13364 13365 13366 13367 13368 13369 13370 13371 13372 13373 13374 13375 13376 13377 13378 13379 13380 13381 13382 13383 13384 13385 13386 13387 13388 13389 13390 13391 13392 13393 13394 13395 13396 13397 13398 13399 13400 13401 13402 13403 13404 13405 13406 13407 13408 13409 13410 13411 13412 13413 13414 13415 13416 13417 13418 13419 13420 13421 13422 13423 13424 13425 13426 13427
	}

	local_supplies=0.0 
}
